0.000579999999999359
0.00179999999999936
0.00302999999999987
0.00424999999999987
0.00546999999999986
0.00669999999999948
0.00791999999999948
0.00914999999999999
0.0103700000000000
0.0115900000000000
0.0128199999999996
0.0140399999999996
0.0152699999999992
0.0164899999999992
0.0177099999999992
0.0189399999999997
0.0201599999999997
0.0213899999999994
0.0226099999999994
0.0238399999999999
0.0250599999999999
0.0262799999999999
0.0275099999999995
0.0287299999999995
0.0299600000000000
0.0311800000000000
0.0324099999999996
0.0336299999999996
0.0348599999999992
0.0360799999999992
0.0373099999999997
0.0385299999999997
0.0397599999999994
0.0409799999999994
0.0422099999999999
0.0434299999999999
0.0446599999999995
0.0458799999999995
0.0471100000000000
0.0483300000000000
0.0495599999999996
0.0507799999999996
0.0520099999999992
0.0532299999999992
0.0544599999999997
0.0556799999999997
0.0569099999999994
0.0581399999999999
0.0593599999999999
0.0605899999999995
0.0618200000000000
0.0630400000000000
0.0642699999999996
0.0654899999999996
0.0667199999999992
0.0679499999999997
0.0691699999999997
0.0703999999999994
0.0716299999999999
0.0728599999999995
0.0740799999999995
0.0753100000000000
0.0765399999999996
0.0777699999999992
0.0789899999999992
0.0802199999999997
0.0814499999999994
0.0826799999999999
0.0838999999999999
0.0851299999999995
0.0863600000000000
0.0875899999999996
0.0888199999999992
0.0900499999999997
0.0912799999999994
0.0925099999999999
0.0937399999999995
0.0949599999999995
0.0961900000000000
0.0974199999999996
0.0986499999999992
0.0998799999999998
0.101109999999999
0.102340000000000
0.103570000000000
0.104810000000000
0.106039999999999
0.107270000000000
0.108499999999999
0.109730000000000
0.110960000000000
0.112190000000000
0.113420000000000
0.114660000000000
0.115889999999999
0.117120000000000
0.118350000000000
0.119590000000000
0.120819999999999
0.122050000000000
0.123279999999999
0.124520000000000
0.125750000000000
0.126980000000000
0.128220000000000
0.129449999999999
0.130690000000000
0.131920000000000
0.133159999999999
0.134390000000000
0.135630000000000
0.136860000000000
0.138100000000000
0.139329999999999
0.140569999999999
0.141810000000000
0.143040000000000
0.144279999999999
0.145519999999999
0.146750000000000
0.147990000000000
0.149229999999999
0.150469999999999
0.151700000000000
0.152940000000000
0.154179999999999
0.155419999999999
0.156660000000000
0.157900000000000
0.159140000000000
0.160380000000000
0.161619999999999
0.162859999999999
0.164099999999999
0.165340000000000
0.166580000000000
0.167820000000000
0.169060000000000
0.170299999999999
0.171539999999999
0.172790000000000
0.174029999999999
0.175269999999999
0.176510000000000
0.177759999999999
0.178999999999999
0.180250000000000
0.181489999999999
0.182729999999999
0.183980000000000
0.185219999999999
0.186470000000000
0.187710000000000
0.188960000000000
0.190210000000000
0.191450000000000
0.192699999999999
0.193950000000000
0.195189999999999
0.196440000000000
0.197690000000000
0.198939999999999
0.200190000000000
0.201429999999999
0.202680000000000
0.203930000000000
0.205179999999999
0.206429999999999
0.207680000000000
0.208930000000000
0.210190000000000
0.211440000000000
0.212689999999999
0.213940000000000
0.215190000000000
0.216450000000000
0.217700000000000
0.218950000000000
0.220210000000000
0.221460000000000
0.222720000000000
0.223970000000000
0.225230000000000
0.226480000000000
0.227740000000000
0.228990000000000
0.230250000000000
0.231509999999999
0.232760000000000
0.234019999999999
0.235280000000000
0.236540000000000
0.237800000000000
0.239059999999999
0.240320000000000
0.241580000000000
0.242839999999999
0.244100000000000
0.245360000000000
0.246620000000000
0.247879999999999
0.249140000000000
0.250410000000000
0.251670000000000
0.252929999999999
0.254200000000000
0.255459999999999
0.256729999999999
0.257990000000000
0.259259999999999
0.260520000000000
0.261790000000000
0.263059999999999
0.264320000000000
0.265590000000000
0.266859999999999
0.268129999999999
0.269400000000000
0.270670000000000
0.271940000000000
0.273210000000000
0.274480000000000
0.275750000000000
0.277019999999999
0.278289999999999
0.279560000000000
0.280840000000000
0.282109999999999
0.283379999999999
0.284660000000000
0.285930000000000
0.287210000000000
0.288480000000000
0.289759999999999
0.291040000000000
0.292310000000000
0.293590000000000
0.294870000000000
0.296150000000000
0.297429999999999
0.298710000000000
0.299989999999999
0.301270000000000
0.302550000000000
0.303830000000000
0.305110000000000
0.306390000000000
0.307680000000000
0.308960000000000
0.310250000000000
0.311529999999999
0.312810000000000
0.314100000000000
0.315390000000000
0.316669999999999
0.317959999999999
0.319249999999999
0.320539999999999
0.321820000000000
0.323110000000000
0.324400000000000
0.325690000000000
0.326989999999999
0.328279999999999
0.329570000000000
0.330860000000000
0.332150000000000
0.333450000000000
0.334740000000000
0.336040000000000
0.337330000000000
0.338629999999999
0.339919999999999
0.341220000000000
0.342520000000000
0.343820000000000
0.345120000000000
0.346419999999999
0.347720000000000
0.349019999999999
0.350320000000000
0.351620000000000
0.352919999999999
0.354220000000000
0.355530000000000
0.356830000000000
0.358140000000000
0.359439999999999
0.360749999999999
0.362050000000000
0.363359999999999
0.364669999999999
0.365980000000000
0.367290000000000
0.368600000000000
0.369910000000000
0.371220000000000
0.372529999999999
0.373840000000000
0.375150000000000
0.376469999999999
0.377780000000000
0.379099999999999
0.380409999999999
0.381729999999999
0.383039999999999
0.384360000000000
0.385680000000000
0.387000000000000
0.388319999999999
0.389640000000000
0.390960000000000
0.392280000000000
0.393599999999999
0.394930000000000
0.396249999999999
0.397570000000000
0.398899999999999
0.400220000000000
0.401549999999999
0.402880000000000
0.404199999999999
0.405530000000000
0.406860000000000
0.408189999999999
0.409520000000000
0.410850000000000
0.412190000000000
0.413520000000000
0.414850000000000
0.416189999999999
0.417520000000000
0.418860000000000
0.420190000000000
0.421530000000000
0.422870000000000
0.424210000000000
0.425549999999999
0.426889999999999
0.428230000000000
0.429570000000000
0.430910000000000
0.432259999999999
0.433599999999999
0.434950000000000
0.436290000000000
0.437640000000000
0.438990000000000
0.440329999999999
0.441680000000000
0.443029999999999
0.444380000000000
0.445740000000000
0.447089999999999
0.448440000000000
0.449789999999999
0.451149999999999
0.452500000000000
0.453860000000000
0.455220000000000
0.456580000000000
0.457929999999999
0.459289999999999
0.460649999999999
0.462020000000000
0.463380000000000
0.464740000000000
0.466110000000000
0.467470000000000
0.468839999999999
0.470199999999999
0.471570000000000
0.472939999999999
0.474310000000000
0.475680000000000
0.477049999999999
0.478420000000000
0.479790000000000
0.481170000000000
0.482539999999999
0.483919999999999
0.485290000000000
0.486669999999999
0.488049999999999
0.489430000000000
0.490810000000000
0.492190000000000
0.493570000000000
0.494949999999999
0.496340000000000
0.497719999999999
0.499110000000000
0.500500000000000
0.501880000000000
0.503270000000000
0.504660000000000
0.506050000000000
0.507440000000000
0.508840000000000
0.510230000000000
0.511620000000000
0.513020000000000
0.514420000000000
0.515810000000000
0.517210000000000
0.518610000000000
0.520010000000000
0.521410000000000
0.522820000000000
0.524220000000000
0.525630000000000
0.527030000000000
0.528440000000000
0.529850000000000
0.531260000000000
0.532670000000000
0.534080000000000
0.535490000000000
0.536900000000000
0.538320000000000
0.539730000000000
0.541150000000000
0.542560000000000
0.543980000000000
0.545400000000000
0.546820000000000
0.548250000000000
0.549670000000000
0.551090000000000
0.552520000000000
0.553940000000000
0.555370000000000
0.556800000000000
0.558230000000000
0.559660000000000
0.561090000000000
0.562530000000000
0.563960000000000
0.565400000000000
0.566830000000000
0.568270000000000
0.569710000000000
0.571150000000000
0.572590000000000
0.574030000000000
0.575480000000000
0.576920000000000
0.578370000000000
0.579820000000000
0.581260000000000
0.582710000000000
0.584170000000000
0.585620000000000
0.587070000000000
0.588530000000000
0.589980000000000
0.591440000000000
0.592900000000000
0.594360000000000
0.595820000000000
0.597280000000000
0.598740000000000
0.600210000000000
0.601680000000000
0.603140000000000
0.604610000000000
0.606080000000000
0.607550000000000
0.609030000000000
0.610500000000000
0.611970000000000
0.613450000000000
0.614930000000000
0.616410000000000
0.617890000000000
0.619370000000000
0.620850000000000
0.622340000000000
0.623830000000000
0.625310000000000
0.626800000000000
0.628290000000000
0.629780000000000
0.631280000000000
0.632770000000000
0.634270000000000
0.635770000000000
0.637260000000000
0.638760000000000
0.640270000000000
0.641770000000000
0.643270000000000
0.644780000000000
0.646290000000000
0.647800000000000
0.649310000000000
0.650820000000000
0.652330000000000
0.653850000000000
0.655360000000000
0.656880000000000
0.658400000000000
0.659920000000000
0.661440000000000
0.662970000000000
0.664490000000000
0.666020000000000
0.667550000000000
0.669080000000000
0.670610000000000
0.672140000000000
0.673680000000000
0.675220000000000
0.676750000000000
0.678290000000000
0.679830000000000
0.681380000000000
0.682920000000000
0.684470000000000
0.686020000000000
0.687570000000000
0.689120000000000
0.690670000000000
0.692220000000000
0.693780000000000
0.695340000000000
0.696900000000000
0.698460000000000
0.700020000000000
0.701590000000000
0.703150000000000
0.704720000000000
0.706290000000000
0.707860000000000
0.709430000000000
0.711010000000000
0.712590000000000
0.714170000000000
0.715750000000000
0.717330000000000
0.718910000000000
0.720500000000000
0.722080000000000
0.723670000000000
0.725270000000000
0.726860000000000
0.728450000000000
0.730050000000000
0.731650000000000
0.733250000000000
0.734850000000000
0.736460000000000
0.738060000000000
0.739670000000000
0.741280000000000
0.742890000000000
0.744510000000000
0.746120000000000
0.747740000000000
0.749360000000000
0.750980000000000
0.752600000000000
0.754230000000000
0.755860000000000
0.757490000000000
0.759120000000000
0.760750000000000
0.762390000000000
0.764030000000000
0.765670000000000
0.767310000000000
0.768950000000000
0.770600000000000
0.772250000000000
0.773900000000000
0.775550000000000
0.777200000000000
0.778860000000000
0.780520000000000
0.782180000000000
0.783840000000000
0.785510000000000
0.787170000000000
0.788840000000000
0.790520000000000
0.792190000000000
0.793870000000000
0.795540000000000
0.797220000000000
0.798910000000000
0.800590000000000
0.802280000000000
0.803970000000000
0.805660000000000
0.807360000000000
0.809050000000000
0.810750000000000
0.812450000000000
0.814160000000000
0.815860000000000
0.817570000000000
0.819280000000000
0.821000000000000
0.822710000000000
0.824430000000000
0.826150000000000
0.827870000000000
0.829600000000000
0.831330000000000
0.833060000000000
0.834790000000000
0.836520000000000
0.838260000000000
0.840000000000000
0.841750000000000
0.843490000000000
0.845240000000000
0.846990000000000
0.848740000000000
0.850500000000000
0.852260000000000
0.854020000000000
0.855780000000000
0.857550000000000
0.859320000000000
0.861090000000000
0.862870000000000
0.864640000000000
0.866420000000000
0.868210000000000
0.869990000000000
0.871780000000000
0.873570000000000
0.875360000000000
0.877160000000000
0.878960000000000
0.880760000000000
0.882570000000000
0.884380000000000
0.886190000000000
0.888000000000000
0.889820000000000
0.891640000000000
0.893460000000000
0.895290000000000
0.897120000000000
0.898950000000000
0.900780000000000
0.902620000000000
0.904460000000000
0.906310000000000
0.908150000000000
0.910000000000000
0.911860000000000
0.913710000000000
0.915570000000000
0.917440000000000
0.919300000000000
0.921170000000000
0.923040000000000
0.924920000000000
0.926800000000000
0.928680000000000
0.930560000000000
0.932450000000000
0.934350000000000
0.936240000000000
0.938140000000000
0.940040000000000
0.941950000000000
0.943860000000000
0.945770000000000
0.947690000000000
0.949600000000000
0.951530000000000
0.953450000000000
0.955380000000000
0.957320000000000
0.959250000000000
0.961200000000000
0.963140000000000
0.965090000000000
0.967040000000000
0.969000000000000
0.970950000000000
0.972920000000000
0.974880000000000
0.976850000000000
0.978830000000000
0.980810000000000
0.982790000000000
0.984770000000000
0.986760000000000
0.988760000000000
0.990750000000000
0.992760000000000
0.994760000000000
0.996770000000000
0.998780000000000
1.00080000000000
1.00282000000000
1.00485000000000
1.00688000000000
1.00891000000000
1.01095000000000
1.01299000000000
1.01504000000000
1.01709000000000
1.01915000000000
1.02121000000000
1.02327000000000
1.02534000000000
1.02741000000000
1.02949000000000
1.03157000000000
1.03365000000000
1.03574000000000
1.03784000000000
1.03994000000000
1.04204000000000
1.04415000000000
1.04627000000000
1.04838000000000
1.05051000000000
1.05263000000000
1.05477000000000
1.05690000000000
1.05905000000000
1.06119000000000
1.06334000000000
1.06550000000000
1.06766000000000
1.06983000000000
1.07200000000000
1.07418000000000
1.07636000000000
1.07855000000000
1.08074000000000
1.08294000000000
1.08514000000000
1.08735000000000
1.08956000000000
1.09178000000000
1.09400000000000
1.09623000000000
1.09847000000000
1.10071000000000
1.10295000000000
1.10520000000000
1.10746000000000
1.10972000000000
1.11199000000000
1.11427000000000
1.11655000000000
1.11883000000000
1.12112000000000
1.12342000000000
1.12572000000000
1.12803000000000
1.13035000000000
1.13267000000000
1.13500000000000
1.13733000000000
1.13967000000000
1.14202000000000
1.14437000000000
1.14673000000000
1.14910000000000
1.15147000000000
1.15385000000000
1.15623000000000
1.15862000000000
1.16102000000000
1.16342000000000
1.16584000000000
1.16825000000000
1.17068000000000
1.17311000000000
1.17555000000000
1.17800000000000
1.18045000000000
1.18291000000000
1.18538000000000
1.18785000000000
1.19033000000000
1.19282000000000
1.19532000000000
1.19782000000000
1.20034000000000
1.20285000000000
1.20538000000000
1.20792000000000
1.21046000000000
1.21301000000000
1.21557000000000
1.21813000000000
1.22071000000000
1.22329000000000
1.22588000000000
1.22848000000000
1.23109000000000
1.23370000000000
1.23633000000000
1.23896000000000
1.24160000000000
1.24425000000000
1.24691000000000
1.24958000000000
1.25225000000000
1.25494000000000
1.25763000000000
1.26034000000000
1.26305000000000
1.26577000000000
1.26850000000000
1.27124000000000
1.27399000000000
1.27675000000000
1.27952000000000
1.28230000000000
1.28509000000000
1.28789000000000
1.29070000000000
1.29352000000000
1.29636000000000
1.29920000000000
1.30205000000000
1.30491000000000
1.30778000000000
1.31067000000000
1.31356000000000
1.31647000000000
1.31938000000000
1.32231000000000
1.32525000000000
1.32820000000000
1.33117000000000
1.33414000000000
1.33713000000000
1.34013000000000
1.34314000000000
1.34616000000000
1.34919000000000
1.35224000000000
1.35530000000000
1.35837000000000
1.36146000000000
1.36456000000000
1.36767000000000
1.37079000000000
1.37393000000000
1.37708000000000
1.38025000000000
1.38343000000000
1.38662000000000
1.38983000000000
1.39305000000000
1.39629000000000
1.39954000000000
1.40281000000000
1.40609000000000
1.40939000000000
1.41270000000000
1.41603000000000
1.41937000000000
1.42273000000000
1.42611000000000
1.42950000000000
1.43291000000000
1.43633000000000
1.43977000000000
1.44323000000000
1.44671000000000
1.45020000000000
1.45372000000000
1.45725000000000
1.46079000000000
1.46436000000000
1.46795000000000
1.47155000000000
1.47517000000000
1.47882000000000
1.48248000000000
1.48616000000000
1.48987000000000
1.49359000000000
1.49733000000000
1.50110000000000
1.50489000000000
1.50869000000000
1.51253000000000
1.51638000000000
1.52025000000000
1.52415000000000
1.52807000000000
1.53202000000000
1.53599000000000
1.53998000000000
1.54400000000000
1.54805000000000
1.55211000000000
1.55621000000000
1.56033000000000
1.56448000000000
1.56865000000000
1.57286000000000
1.57709000000000
1.58135000000000
1.58563000000000
1.58995000000000
1.59430000000000
1.59868000000000
1.60308000000000
1.60752000000000
1.61200000000000
1.61650000000000
1.62104000000000
1.62561000000000
1.63021000000000
1.63485000000000
1.63953000000000
1.64424000000000
1.64899000000000
1.65377000000000
1.65859000000000
1.66346000000000
1.66836000000000
1.67330000000000
1.67829000000000
1.68331000000000
1.68838000000000
1.69349000000000
1.69865000000000
1.70385000000000
1.70910000000000
1.71440000000000
1.71974000000000
1.72514000000000
1.73059000000000
1.73608000000000
1.74163000000000
1.74724000000000
1.75290000000000
1.75861000000000
1.76439000000000
1.77022000000000
1.77612000000000
1.78208000000000
1.78810000000000
1.79419000000000
1.80034000000000
1.80656000000000
1.81286000000000
1.81922000000000
1.82566000000000
1.83218000000000
1.83878000000000
1.84546000000000
1.85222000000000
1.85906000000000
1.86600000000000
1.87302000000000
1.88014000000000
1.88736000000000
1.89468000000000
1.90209000000000
1.90962000000000
1.91725000000000
1.92500000000000
1.93287000000000
1.94085000000000
1.94897000000000
1.95721000000000
1.96559000000000
1.97411000000000
1.98277000000000
1.99158000000000
2.00056000000000
2.00969000000000
2.01900000000000
2.02849000000000
2.03816000000000
2.04803000000000
2.05810000000000
2.06838000000000
2.07889000000000
2.08963000000000
2.10062000000000
2.11186000000000
2.12339000000000
2.13520000000000
2.14731000000000
2.15975000000000
2.17254000000000
2.18568000000000
2.19922000000000
2.21317000000000
2.22757000000000
2.24245000000000
2.25783000000000
2.27378000000000
2.29032000000000
2.30751000000000
2.32541000000000
2.34410000000000
2.36363000000000
2.38412000000000
2.40565000000000
2.42837000000000
2.45241000000000
2.47795000000000
2.50522000000000
2.53450000000000
2.56612000000000
2.60054000000000
2.63835000000000
2.68035000000000
2.72768000000000
2.78206000000000
2.84616000000000
2.92465000000000
3.02676000000000
3.17559000000000
3.47086000000000
